0 0  0  0
1.02503 0.0109914  0.0109914  0.0109914
2.05005 0.0219828  0.0219828  0.0219828
3.07508 0.0329742  0.0329742  0.0329742
4.1001 0.0439655  0.0439655  0.0439655
5.12513 0.0549569  0.0549569  0.0549569
6.15015 0.0659483  0.0659483  0.0659483
7.17518 0.0769397  0.0769397  0.0769397
8.2002 0.0879311  0.0879311  0.0879311
9.22523 0.0989225  0.0989225  0.0989225
10.2503 0.109914  0.109914  0.109914
11.2753 0.120905  0.120905  0.120905
12.3003 0.131897  0.131897  0.131897
13.3253 0.142888  0.142888  0.142888
14.3504 0.153879  0.153879  0.153879
15.3754 0.164871  0.164871  0.164871
16.4004 0.175862  0.175862  0.175862
17.4254 0.186854  0.186854  0.186854
18.4505 0.197845  0.197845  0.197845
19.4755 0.208836  0.208836  0.208836
20.5005 0.219828  0.219828  0.219828
21.5255 0.230819  0.230819  0.230819
22.5506 0.24181  0.24181  0.24181
23.5756 0.252802  0.252802  0.252802
24.6006 0.263793  0.263793  0.263793
25.6256 0.274785  0.274785  0.274785
26.6507 0.285776  0.285776  0.285776
27.6757 0.296767  0.296767  0.296767
28.7007 0.307759  0.307759  0.307759
29.7257 0.31875  0.31875  0.31875
30.7508 0.329742  0.329742  0.329742
31.7758 0.340733  0.340733  0.340733
32.8008 0.351724  0.351724  0.351724
33.8258 0.362716  0.362716  0.362716
34.8509 0.373707  0.373707  0.373707
35.8759 0.384698  0.384698  0.384698
36.9009 0.39569  0.39569  0.39569
37.9259 0.406681  0.406681  0.406681
38.951 0.417673  0.417673  0.417673
39.976 0.428664  0.428664  0.428664
41.001 0.439655  0.439655  0.439655
42.026 0.450647  0.450647  0.450647
43.0511 0.461638  0.461638  0.461638
44.0761 0.472629  0.472629  0.472629
45.1011 0.483621  0.483621  0.483621
46.1261 0.494612  0.494612  0.494612
47.1512 0.505604  0.505604  0.505604
48.1762 0.516595  0.516595  0.516595
49.2012 0.527586  0.527586  0.527586
50.2262 0.538578  0.538578  0.538578
51.2513 0.549569  0.549569  0.549569
52.2763 0.560561  0.560561  0.560561
53.3013 0.571552  0.571552  0.571552
54.3263 0.582543  0.582543  0.582543
55.3514 0.593535  0.593535  0.593535
56.3764 0.604526  0.604526  0.604526
57.4014 0.615517  0.615517  0.615517
58.4264 0.626509  0.626509  0.626509
59.4515 0.6375  0.6375  0.6375
60.4765 0.648492  0.648492  0.648492
61.5015 0.659483  0.659483  0.659483
62.5265 0.670474  0.670474  0.670474
63.5516 0.681466  0.681466  0.681466
64.5766 0.692457  0.692457  0.692457
65.6016 0.703449  0.703449  0.703449
66.6266 0.71444  0.71444  0.71444
67.6517 0.725431  0.725431  0.725431
68.6767 0.736423  0.736423  0.736423
69.7017 0.747414  0.747414  0.747414
70.7267 0.758405  0.758405  0.758405
71.7518 0.769397  0.769397  0.769397
72.7768 0.780388  0.780388  0.780388
73.8018 0.78449  0.78449  0.78449
74.8268 0.784765  0.784765  0.784765
75.8519 0.78504  0.78504  0.78504
76.8769 0.785315  0.785315  0.785315
77.9019 0.78559  0.78559  0.78559
78.9269 0.785864  0.785864  0.785864
79.952 0.786139  0.786139  0.786139
80.977 0.786414  0.786414  0.786414
82.002 0.786689  0.786689  0.786689
83.027 0.786963  0.786963  0.786963
84.0521 0.787238  0.787238  0.787238
85.0771 0.787513  0.787513  0.787513
86.1021 0.787788  0.787788  0.787788
87.1271 0.788063  0.788063  0.788063
88.1522 0.788337  0.788337  0.788337
89.1772 0.788612  0.788612  0.788612
90.2022 0.788887  0.788887  0.788887
91.2272 0.789162  0.789162  0.789162
92.2523 0.789436  0.789436  0.789436
93.2773 0.789711  0.789711  0.789711
94.3023 0.789986  0.789986  0.789986
95.3273 0.790261  0.790261  0.790261
96.3524 0.790536  0.790536  0.790536
97.3774 0.79081  0.79081  0.79081
98.4024 0.791085  0.791085  0.791085
99.4274 0.79136  0.79136  0.79136
100.452 0.791635  0.791635  0.791635
101.477 0.79191  0.79191  0.79191
102.503 0.792184  0.792184  0.792184
103.528 0.792459  0.792459  0.792459
104.553 0.792734  0.792734  0.792734
105.578 0.793009  0.793009  0.793009
106.603 0.793283  0.793283  0.793283
107.628 0.793558  0.793558  0.793558
108.653 0.793833  0.793833  0.793833
109.678 0.794108  0.794108  0.794108
110.703 0.794383  0.794383  0.794383
111.728 0.794657  0.794657  0.794657
112.753 0.794932  0.794932  0.794932
113.778 0.795207  0.795207  0.795207
114.803 0.795482  0.795482  0.795482
115.828 0.795757  0.795757  0.795757
116.853 0.796031  0.796031  0.796031
117.878 0.796306  0.796306  0.796306
118.903 0.796581  0.796581  0.796581
119.928 0.796856  0.796856  0.796856
120.953 0.79713  0.79713  0.79713
121.978 0.797405  0.797405  0.797405
123.003 0.79768  0.79768  0.79768
124.028 0.797955  0.797955  0.797955
125.053 0.79823  0.79823  0.79823
126.078 0.798504  0.798504  0.798504
127.103 0.798779  0.798779  0.798779
128.128 0.799054  0.799054  0.799054
129.153 0.799329  0.799329  0.799329
130.178 0.799604  0.799604  0.799604
131.203 0.799878  0.799878  0.799878
132.228 0.800153  0.800153  0.800153
133.253 0.800428  0.800428  0.800428
134.278 0.800703  0.800703  0.800703
135.303 0.800977  0.800977  0.800977
136.328 0.801252  0.801252  0.801252
137.353 0.801527  0.801527  0.801527
138.378 0.801802  0.801802  0.801802
139.403 0.802077  0.802077  0.802077
140.428 0.802351  0.802351  0.802351
141.453 0.802626  0.802626  0.802626
142.478 0.802901  0.802901  0.802901
143.504 0.803176  0.803176  0.803176
144.529 0.803451  0.803451  0.803451
145.554 0.803725  0.803725  0.803725
146.579 0.804  0.804  0.804
147.604 0.804275  0.804275  0.804275
148.629 0.80455  0.80455  0.80455
149.654 0.804824  0.804824  0.804824
150.679 0.805099  0.805099  0.805099
151.704 0.805374  0.805374  0.805374
152.729 0.805649  0.805649  0.805649
153.754 0.805924  0.805924  0.805924
154.779 0.806198  0.806198  0.806198
155.804 0.806473  0.806473  0.806473
156.829 0.806748  0.806748  0.806748
157.854 0.807023  0.807023  0.807023
158.879 0.807297  0.807297  0.807297
159.904 0.807572  0.807572  0.807572
160.929 0.807847  0.807847  0.807847
161.954 0.808122  0.808122  0.808122
162.979 0.808397  0.808397  0.808397
164.004 0.808671  0.808671  0.808671
165.029 0.808946  0.808946  0.808946
166.054 0.809221  0.809221  0.809221
167.079 0.809496  0.809496  0.809496
168.104 0.809771  0.809771  0.809771
169.129 0.810045  0.810045  0.810045
170.154 0.81032  0.81032  0.81032
171.179 0.810595  0.810595  0.810595
172.204 0.81087  0.81087  0.81087
173.229 0.811144  0.811144  0.811144
174.254 0.811419  0.811419  0.811419
175.279 0.811694  0.811694  0.811694
176.304 0.811969  0.811969  0.811969
177.329 0.812244  0.812244  0.812244
178.354 0.812518  0.812518  0.812518
179.379 0.812793  0.812793  0.812793
180.404 0.813068  0.813068  0.813068
181.429 0.813343  0.813343  0.813343
182.454 0.813618  0.813618  0.813618
183.479 0.813892  0.813892  0.813892
184.505 0.814167  0.814167  0.814167
185.53 0.814442  0.814442  0.814442
186.555 0.814717  0.814717  0.814717
187.58 0.814991  0.814991  0.814991
188.605 0.815266  0.815266  0.815266
189.63 0.815541  0.815541  0.815541
190.655 0.815816  0.815816  0.815816
191.68 0.816091  0.816091  0.816091
192.705 0.816365  0.816365  0.816365
193.73 0.81664  0.81664  0.81664
194.755 0.816915  0.816915  0.816915
195.78 0.81719  0.81719  0.81719
196.805 0.817465  0.817465  0.817465
197.83 0.817739  0.817739  0.817739
198.855 0.818014  0.818014  0.818014
199.88 0.818289  0.818289  0.818289
200.905 0.818564  0.818564  0.818564
201.93 0.818838  0.818838  0.818838
202.955 0.819113  0.819113  0.819113
203.98 0.819388  0.819388  0.819388
205.005 0.819663  0.819663  0.819663
206.03 0.819938  0.819938  0.819938
207.055 0.820212  0.820212  0.820212
208.08 0.820487  0.820487  0.820487
209.105 0.820762  0.820762  0.820762
210.13 0.821037  0.821037  0.821037
211.155 0.821312  0.821312  0.821312
212.18 0.821586  0.821586  0.821586
213.205 0.821861  0.821861  0.821861
214.23 0.822136  0.822136  0.822136
215.255 0.822411  0.822411  0.822411
216.28 0.822685  0.822685  0.822685
217.305 0.82296  0.82296  0.82296
218.33 0.823235  0.823235  0.823235
219.355 0.82351  0.82351  0.82351
220.38 0.823785  0.823785  0.823785
221.405 0.824059  0.824059  0.824059
222.43 0.824334  0.824334  0.824334
223.455 0.824609  0.824609  0.824609
224.48 0.824884  0.824884  0.824884
225.506 0.825158  0.825158  0.825158
226.531 0.825433  0.825433  0.825433
227.556 0.825708  0.825708  0.825708
228.581 0.825983  0.825983  0.825983
229.606 0.826258  0.826258  0.826258
230.631 0.826532  0.826532  0.826532
231.656 0.826807  0.826807  0.826807
232.681 0.827082  0.827082  0.827082
233.706 0.827357  0.827357  0.827357
234.731 0.827632  0.827632  0.827632
235.756 0.827906  0.827906  0.827906
236.781 0.828181  0.828181  0.828181
237.806 0.828456  0.828456  0.828456
238.831 0.828731  0.828731  0.828731
239.856 0.829005  0.829005  0.829005
240.881 0.82928  0.82928  0.82928
241.906 0.829555  0.829555  0.829555
242.931 0.82983  0.82983  0.82983
243.956 0.830105  0.830105  0.830105
244.981 0.830379  0.830379  0.830379
246.006 0.830654  0.830654  0.830654
247.031 0.830929  0.830929  0.830929
248.056 0.831204  0.831204  0.831204
249.081 0.831479  0.831479  0.831479
250.106 0.831753  0.831753  0.831753
251.131 0.832028  0.832028  0.832028
252.156 0.832303  0.832303  0.832303
253.181 0.832578  0.832578  0.832578
254.206 0.832852  0.832852  0.832852
255.231 0.833127  0.833127  0.833127
256.256 0.833402  0.833402  0.833402
257.281 0.833677  0.833677  0.833677
258.306 0.833952  0.833952  0.833952
259.331 0.834226  0.834226  0.834226
260.356 0.834501  0.834501  0.834501
261.381 0.834776  0.834776  0.834776
262.406 0.835051  0.835051  0.835051
263.431 0.835326  0.835326  0.835326
264.456 0.8356  0.8356  0.8356
265.481 0.835875  0.835875  0.835875
266.507 0.83615  0.83615  0.83615
267.532 0.836425  0.836425  0.836425
268.557 0.836699  0.836699  0.836699
269.582 0.836974  0.836974  0.836974
270.607 0.837249  0.837249  0.837249
271.632 0.837524  0.837524  0.837524
272.657 0.837799  0.837799  0.837799
273.682 0.838073  0.838073  0.838073
274.707 0.838348  0.838348  0.838348
275.732 0.838623  0.838623  0.838623
276.757 0.838898  0.838898  0.838898
277.782 0.839173  0.839173  0.839173
278.807 0.839447  0.839447  0.839447
279.832 0.839722  0.839722  0.839722
280.857 0.839997  0.839997  0.839997
281.882 0.840272  0.840272  0.840272
282.907 0.840546  0.840546  0.840546
283.932 0.840821  0.840821  0.840821
284.957 0.841096  0.841096  0.841096
285.982 0.841371  0.841371  0.841371
287.007 0.841646  0.841646  0.841646
288.032 0.84192  0.84192  0.84192
289.057 0.842195  0.842195  0.842195
290.082 0.84247  0.84247  0.84247
291.107 0.842745  0.842745  0.842745
292.132 0.843019  0.843019  0.843019
293.157 0.843294  0.843294  0.843294
294.182 0.843569  0.843569  0.843569
295.207 0.843844  0.843844  0.843844
296.232 0.844119  0.844119  0.844119
297.257 0.844393  0.844393  0.844393
298.282 0.844668  0.844668  0.844668
299.307 0.844943  0.844943  0.844943
300.332 0.845218  0.845218  0.845218
301.357 0.845493  0.845493  0.845493
302.382 0.845767  0.845767  0.845767
303.407 0.846042  0.846042  0.846042
304.432 0.846317  0.846317  0.846317
305.457 0.846592  0.846592  0.846592
306.482 0.846866  0.846866  0.846866
307.508 0.847141  0.847141  0.847141
308.533 0.847416  0.847416  0.847416
309.558 0.847691  0.847691  0.847691
310.583 0.847966  0.847966  0.847966
311.608 0.84824  0.84824  0.84824
312.633 0.848515  0.848515  0.848515
313.658 0.84879  0.84879  0.84879
314.683 0.849065  0.849065  0.849065
315.708 0.84934  0.84934  0.84934
316.733 0.849614  0.849614  0.849614
317.758 0.849889  0.849889  0.849889
318.783 0.850164  0.850164  0.850164
319.808 0.850439  0.850439  0.850439
320.833 0.850713  0.850713  0.850713
321.858 0.850988  0.850988  0.850988
322.883 0.851263  0.851263  0.851263
323.908 0.851538  0.851538  0.851538
324.933 0.851813  0.851813  0.851813
325.958 0.852087  0.852087  0.852087
326.983 0.852362  0.852362  0.852362
328.008 0.852637  0.852637  0.852637
329.033 0.852912  0.852912  0.852912
330.058 0.853187  0.853187  0.853187
331.083 0.853461  0.853461  0.853461
332.108 0.853736  0.853736  0.853736
333.133 0.854011  0.854011  0.854011
334.158 0.854286  0.854286  0.854286
335.183 0.85456  0.85456  0.85456
336.208 0.854835  0.854835  0.854835
337.233 0.85511  0.85511  0.85511
338.258 0.855385  0.855385  0.855385
339.283 0.85566  0.85566  0.85566
340.308 0.855934  0.855934  0.855934
341.333 0.856209  0.856209  0.856209
342.358 0.856484  0.856484  0.856484
343.383 0.856759  0.856759  0.856759
344.408 0.857034  0.857034  0.857034
345.433 0.857308  0.857308  0.857308
346.458 0.857583  0.857583  0.857583
347.483 0.857858  0.857858  0.857858
348.509 0.858133  0.858133  0.858133
349.534 0.858407  0.858407  0.858407
350.559 0.858682  0.858682  0.858682
351.584 0.858957  0.858957  0.858957
352.609 0.859232  0.859232  0.859232
353.634 0.859507  0.859507  0.859507
354.659 0.859781  0.859781  0.859781
355.684 0.860056  0.860056  0.860056
356.709 0.860331  0.860331  0.860331
357.734 0.860606  0.860606  0.860606
358.759 0.86088  0.86088  0.86088
359.784 0.861155  0.861155  0.861155
360.809 0.86143  0.86143  0.86143
361.834 0.861705  0.861705  0.861705
362.859 0.86198  0.86198  0.86198
363.884 0.862254  0.862254  0.862254
364.909 0.862529  0.862529  0.862529
365.934 0.862863  0.862863  0.862863
366.959 0.863412  0.863412  0.863412
367.984 0.863962  0.863962  0.863962
369.009 0.864512  0.864512  0.864512
370.034 0.865061  0.865061  0.865061
371.059 0.865611  0.865611  0.865611
372.084 0.86616  0.86616  0.86616
373.109 0.86671  0.86671  0.86671
374.134 0.867259  0.867259  0.867259
375.159 0.867809  0.867809  0.867809
376.184 0.868359  0.868359  0.868359
377.209 0.868908  0.868908  0.868908
378.234 0.869458  0.869458  0.869458
379.259 0.870007  0.870007  0.870007
380.284 0.870557  0.870557  0.870557
381.309 0.871106  0.871106  0.871106
382.334 0.871656  0.871656  0.871656
383.359 0.872206  0.872206  0.872206
384.384 0.872755  0.872755  0.872755
385.409 0.873305  0.873305  0.873305
386.434 0.873854  0.873854  0.873854
387.459 0.874404  0.874404  0.874404
388.484 0.874953  0.874953  0.874953
389.51 0.875503  0.875503  0.875503
390.535 0.876053  0.876053  0.876053
391.56 0.876602  0.876602  0.876602
392.585 0.877152  0.877152  0.877152
393.61 0.877701  0.877701  0.877701
394.635 0.878251  0.878251  0.878251
395.66 0.8788  0.8788  0.8788
396.685 0.87935  0.87935  0.87935
397.71 0.8799  0.8799  0.8799
398.735 0.880449  0.880449  0.880449
399.76 0.880999  0.880999  0.880999
400.785 0.881548  0.881548  0.881548
401.81 0.882098  0.882098  0.882098
402.835 0.882647  0.882647  0.882647
403.86 0.883197  0.883197  0.883197
404.885 0.883746  0.883746  0.883746
405.91 0.884296  0.884296  0.884296
406.935 0.884846  0.884846  0.884846
407.96 0.885395  0.885395  0.885395
408.985 0.885945  0.885945  0.885945
410.01 0.886494  0.886494  0.886494
411.035 0.887044  0.887044  0.887044
412.06 0.887593  0.887593  0.887593
413.085 0.888143  0.888143  0.888143
414.11 0.888693  0.888693  0.888693
415.135 0.889242  0.889242  0.889242
416.16 0.889792  0.889792  0.889792
417.185 0.890341  0.890341  0.890341
418.21 0.890891  0.890891  0.890891
419.235 0.89144  0.89144  0.89144
420.26 0.89199  0.89199  0.89199
421.285 0.89254  0.89254  0.89254
422.31 0.893089  0.893089  0.893089
423.335 0.893639  0.893639  0.893639
424.36 0.894188  0.894188  0.894188
425.385 0.894738  0.894738  0.894738
426.41 0.895287  0.895287  0.895287
427.435 0.895837  0.895837  0.895837
428.46 0.896387  0.896387  0.896387
429.485 0.896936  0.896936  0.896936
430.511 0.897486  0.897486  0.897486
431.536 0.898035  0.898035  0.898035
432.561 0.898585  0.898585  0.898585
433.586 0.899134  0.899134  0.899134
434.611 0.899684  0.899684  0.899684
435.636 0.900234  0.900234  0.900234
436.661 0.900783  0.900783  0.900783
437.686 0.901333  0.901333  0.901333
438.711 0.901882  0.901882  0.901882
439.736 0.902432  0.902432  0.902432
440.761 0.902981  0.902981  0.902981
441.786 0.903531  0.903531  0.903531
442.811 0.904081  0.904081  0.904081
443.836 0.90463  0.90463  0.90463
444.861 0.90518  0.90518  0.90518
445.886 0.905729  0.905729  0.905729
446.911 0.906279  0.906279  0.906279
447.936 0.906828  0.906828  0.906828
448.961 0.907378  0.907378  0.907378
449.986 0.907928  0.907928  0.907928
451.011 0.908477  0.908477  0.908477
452.036 0.909027  0.909027  0.909027
453.061 0.909576  0.909576  0.909576
454.086 0.910126  0.910126  0.910126
455.111 0.910675  0.910675  0.910675
456.136 0.911225  0.911225  0.911225
457.161 0.911775  0.911775  0.911775
458.186 0.912324  0.912324  0.912324
459.211 0.912874  0.912874  0.912874
460.236 0.913423  0.913423  0.913423
461.261 0.913973  0.913973  0.913973
462.286 0.914522  0.914522  0.914522
463.311 0.915072  0.915072  0.915072
464.336 0.915622  0.915622  0.915622
465.361 0.916171  0.916171  0.916171
466.386 0.916721  0.916721  0.916721
467.411 0.91727  0.91727  0.91727
468.436 0.91782  0.91782  0.91782
469.461 0.918369  0.918369  0.918369
470.486 0.918919  0.918919  0.918919
471.512 0.919468  0.919468  0.919468
472.537 0.920018  0.920018  0.920018
473.562 0.920568  0.920568  0.920568
474.587 0.921117  0.921117  0.921117
475.612 0.921667  0.921667  0.921667
476.637 0.922216  0.922216  0.922216
477.662 0.922766  0.922766  0.922766
478.687 0.923315  0.923315  0.923315
479.712 0.923865  0.923865  0.923865
480.737 0.924415  0.924415  0.924415
481.762 0.924964  0.924964  0.924964
482.787 0.925514  0.925514  0.925514
483.812 0.926063  0.926063  0.926063
484.837 0.926613  0.926613  0.926613
485.862 0.927162  0.927162  0.927162
486.887 0.927712  0.927712  0.927712
487.912 0.928262  0.928262  0.928262
488.937 0.928811  0.928811  0.928811
489.962 0.929361  0.929361  0.929361
490.987 0.92991  0.92991  0.92991
492.012 0.93046  0.93046  0.93046
493.037 0.931009  0.931009  0.931009
494.062 0.931559  0.931559  0.931559
495.087 0.932109  0.932109  0.932109
496.112 0.932658  0.932658  0.932658
497.137 0.933208  0.933208  0.933208
498.162 0.933757  0.933757  0.933757
499.187 0.934307  0.934307  0.934307
500.212 0.934856  0.934856  0.934856
501.237 0.935406  0.935406  0.935406
502.262 0.935956  0.935956  0.935956
503.287 0.936505  0.936505  0.936505
504.312 0.937055  0.937055  0.937055
505.337 0.937604  0.937604  0.937604
506.362 0.938154  0.938154  0.938154
507.387 0.938703  0.938703  0.938703
508.412 0.939253  0.939253  0.939253
509.437 0.939803  0.939803  0.939803
510.462 0.940352  0.940352  0.940352
511.487 0.940902  0.940902  0.940902
512.513 0.941451  0.941451  0.941451
513.538 0.942001  0.942001  0.942001
514.563 0.94255  0.94255  0.94255
515.588 0.9431  0.9431  0.9431
516.613 0.94365  0.94365  0.94365
517.638 0.944199  0.944199  0.944199
518.663 0.944749  0.944749  0.944749
519.688 0.945298  0.945298  0.945298
520.713 0.945848  0.945848  0.945848
521.738 0.946397  0.946397  0.946397
522.763 0.946947  0.946947  0.946947
523.788 0.947497  0.947497  0.947497
524.813 0.948046  0.948046  0.948046
525.838 0.948596  0.948596  0.948596
526.863 0.949145  0.949145  0.949145
527.888 0.949695  0.949695  0.949695
528.913 0.950244  0.950244  0.950244
529.938 0.950794  0.950794  0.950794
530.963 0.951344  0.951344  0.951344
531.988 0.951893  0.951893  0.951893
533.013 0.952443  0.952443  0.952443
534.038 0.952992  0.952992  0.952992
535.063 0.953542  0.953542  0.953542
536.088 0.954091  0.954091  0.954091
537.113 0.954641  0.954641  0.954641
538.138 0.95519  0.95519  0.95519
539.163 0.95574  0.95574  0.95574
540.188 0.95629  0.95629  0.95629
541.213 0.956839  0.956839  0.956839
542.238 0.957389  0.957389  0.957389
543.263 0.957938  0.957938  0.957938
544.288 0.958488  0.958488  0.958488
545.313 0.959037  0.959037  0.959037
546.338 0.959587  0.959587  0.959587
547.363 0.960137  0.960137  0.960137
548.388 0.960686  0.960686  0.960686
549.413 0.961236  0.961236  0.961236
550.438 0.961785  0.961785  0.961785
551.463 0.962335  0.962335  0.962335
552.488 0.962884  0.962884  0.962884
553.514 0.963434  0.963434  0.963434
554.539 0.963984  0.963984  0.963984
555.564 0.964533  0.964533  0.964533
556.589 0.965083  0.965083  0.965083
557.614 0.965632  0.965632  0.965632
558.639 0.966182  0.966182  0.966182
559.664 0.966731  0.966731  0.966731
560.689 0.967281  0.967281  0.967281
561.714 0.967831  0.967831  0.967831
562.739 0.96838  0.96838  0.96838
563.764 0.96893  0.96893  0.96893
564.789 0.969479  0.969479  0.969479
565.814 0.970029  0.970029  0.970029
566.839 0.970578  0.970578  0.970578
567.864 0.971128  0.971128  0.971128
568.889 0.971678  0.971678  0.971678
569.914 0.972227  0.972227  0.972227
570.939 0.972777  0.972777  0.972777
571.964 0.973326  0.973326  0.973326
572.989 0.973876  0.973876  0.973876
574.014 0.974425  0.974425  0.974425
575.039 0.974975  0.974975  0.974975
576.064 0.975525  0.975525  0.975525
577.089 0.976074  0.976074  0.976074
578.114 0.976624  0.976624  0.976624
579.139 0.977173  0.977173  0.977173
580.164 0.977723  0.977723  0.977723
581.189 0.978272  0.978272  0.978272
582.214 0.978822  0.978822  0.978822
583.239 0.979372  0.979372  0.979372
584.264 0.979921  0.979921  0.979921
585.289 0.980392  0.980392  0.980392
586.314 0.980392  0.980392  0.980392
587.339 0.980392  0.980392  0.980392
588.364 0.980392  0.980392  0.980392
589.389 0.980392  0.980392  0.980392
590.414 0.980392  0.980392  0.980392
591.439 0.980392  0.980392  0.980392
592.464 0.980392  0.980392  0.980392
593.489 0.980392  0.980392  0.980392
594.515 0.980392  0.980392  0.980392
595.54 0.980392  0.980392  0.980392
596.565 0.980392  0.980392  0.980392
597.59 0.980392  0.980392  0.980392
598.615 0.980392  0.980392  0.980392
599.64 0.980392  0.980392  0.980392
600.665 0.980392  0.980392  0.980392
601.69 0.980392  0.980392  0.980392
602.715 0.980392  0.980392  0.980392
603.74 0.980392  0.980392  0.980392
604.765 0.980392  0.980392  0.980392
605.79 0.980392  0.980392  0.980392
606.815 0.980392  0.980392  0.980392
607.84 0.980392  0.980392  0.980392
608.865 0.980392  0.980392  0.980392
609.89 0.980392  0.980392  0.980392
610.915 0.980392  0.980392  0.980392
611.94 0.980392  0.980392  0.980392
612.965 0.980392  0.980392  0.980392
613.99 0.980392  0.980392  0.980392
615.015 0.980392  0.980392  0.980392
616.04 0.980392  0.980392  0.980392
617.065 0.980392  0.980392  0.980392
618.09 0.980392  0.980392  0.980392
619.115 0.980392  0.980392  0.980392
620.14 0.980392  0.980392  0.980392
621.165 0.980392  0.980392  0.980392
622.19 0.980392  0.980392  0.980392
623.215 0.980392  0.980392  0.980392
624.24 0.980392  0.980392  0.980392
625.265 0.980392  0.980392  0.980392
626.29 0.980392  0.980392  0.980392
627.315 0.980392  0.980392  0.980392
628.34 0.980392  0.980392  0.980392
629.365 0.980392  0.980392  0.980392
630.39 0.980392  0.980392  0.980392
631.415 0.980392  0.980392  0.980392
632.44 0.980392  0.980392  0.980392
633.465 0.980392  0.980392  0.980392
634.49 0.980392  0.980392  0.980392
635.516 0.980392  0.980392  0.980392
636.541 0.980392  0.980392  0.980392
637.566 0.980392  0.980392  0.980392
638.591 0.980392  0.980392  0.980392
639.616 0.980392  0.980392  0.980392
640.641 0.980392  0.980392  0.980392
641.666 0.980392  0.980392  0.980392
642.691 0.980392  0.980392  0.980392
643.716 0.980392  0.980392  0.980392
644.741 0.980392  0.980392  0.980392
645.766 0.980392  0.980392  0.980392
646.791 0.980392  0.980392  0.980392
647.816 0.980392  0.980392  0.980392
648.841 0.980392  0.980392  0.980392
649.866 0.980392  0.980392  0.980392
650.891 0.980392  0.980392  0.980392
651.916 0.980392  0.980392  0.980392
652.941 0.980392  0.980392  0.980392
653.966 0.980392  0.980392  0.980392
654.991 0.980392  0.980392  0.980392
656.016 0.980392  0.980392  0.980392
657.041 0.980392  0.980392  0.980392
658.066 0.980392  0.980392  0.980392
659.091 0.980435  0.980435  0.980435
660.116 0.98049  0.98049  0.98049
661.141 0.980545  0.980545  0.980545
662.166 0.9806  0.9806  0.9806
663.191 0.980655  0.980655  0.980655
664.216 0.98071  0.98071  0.98071
665.241 0.980765  0.980765  0.980765
666.266 0.98082  0.98082  0.98082
667.291 0.980875  0.980875  0.980875
668.316 0.98093  0.98093  0.98093
669.341 0.980985  0.980985  0.980985
670.366 0.98104  0.98104  0.98104
671.391 0.981095  0.981095  0.981095
672.416 0.98115  0.98115  0.98115
673.441 0.981205  0.981205  0.981205
674.466 0.98126  0.98126  0.98126
675.491 0.981315  0.981315  0.981315
676.517 0.98137  0.98137  0.98137
677.542 0.981425  0.981425  0.981425
678.567 0.98148  0.98148  0.98148
679.592 0.981534  0.981534  0.981534
680.617 0.981589  0.981589  0.981589
681.642 0.981644  0.981644  0.981644
682.667 0.981699  0.981699  0.981699
683.692 0.981754  0.981754  0.981754
684.717 0.981809  0.981809  0.981809
685.742 0.981864  0.981864  0.981864
686.767 0.981919  0.981919  0.981919
687.792 0.981974  0.981974  0.981974
688.817 0.982029  0.982029  0.982029
689.842 0.982084  0.982084  0.982084
690.867 0.982139  0.982139  0.982139
691.892 0.982194  0.982194  0.982194
692.917 0.982249  0.982249  0.982249
693.942 0.982304  0.982304  0.982304
694.967 0.982359  0.982359  0.982359
695.992 0.982414  0.982414  0.982414
697.017 0.982469  0.982469  0.982469
698.042 0.982524  0.982524  0.982524
699.067 0.982579  0.982579  0.982579
700.092 0.982634  0.982634  0.982634
701.117 0.982689  0.982689  0.982689
702.142 0.982744  0.982744  0.982744
703.167 0.982798  0.982798  0.982798
704.192 0.982853  0.982853  0.982853
705.217 0.982908  0.982908  0.982908
706.242 0.982963  0.982963  0.982963
707.267 0.983018  0.983018  0.983018
708.292 0.983073  0.983073  0.983073
709.317 0.983128  0.983128  0.983128
710.342 0.983183  0.983183  0.983183
711.367 0.983238  0.983238  0.983238
712.392 0.983293  0.983293  0.983293
713.417 0.983348  0.983348  0.983348
714.442 0.983403  0.983403  0.983403
715.467 0.983458  0.983458  0.983458
716.492 0.983513  0.983513  0.983513
717.518 0.983568  0.983568  0.983568
718.543 0.983623  0.983623  0.983623
719.568 0.983678  0.983678  0.983678
720.593 0.983733  0.983733  0.983733
721.618 0.983788  0.983788  0.983788
722.643 0.983843  0.983843  0.983843
723.668 0.983898  0.983898  0.983898
724.693 0.983953  0.983953  0.983953
725.718 0.984008  0.984008  0.984008
726.743 0.984062  0.984062  0.984062
727.768 0.984117  0.984117  0.984117
728.793 0.984172  0.984172  0.984172
729.818 0.984227  0.984227  0.984227
730.843 0.984282  0.984282  0.984282
731.868 0.984337  0.984337  0.984337
732.893 0.984392  0.984392  0.984392
733.918 0.984447  0.984447  0.984447
734.943 0.984502  0.984502  0.984502
735.968 0.984557  0.984557  0.984557
736.993 0.984612  0.984612  0.984612
738.018 0.984667  0.984667  0.984667
739.043 0.984722  0.984722  0.984722
740.068 0.984777  0.984777  0.984777
741.093 0.984832  0.984832  0.984832
742.118 0.984887  0.984887  0.984887
743.143 0.984942  0.984942  0.984942
744.168 0.984997  0.984997  0.984997
745.193 0.985052  0.985052  0.985052
746.218 0.985107  0.985107  0.985107
747.243 0.985162  0.985162  0.985162
748.268 0.985217  0.985217  0.985217
749.293 0.985272  0.985272  0.985272
750.318 0.985327  0.985327  0.985327
751.343 0.985381  0.985381  0.985381
752.368 0.985436  0.985436  0.985436
753.393 0.985491  0.985491  0.985491
754.418 0.985546  0.985546  0.985546
755.443 0.985601  0.985601  0.985601
756.468 0.985656  0.985656  0.985656
757.493 0.985711  0.985711  0.985711
758.519 0.985766  0.985766  0.985766
759.544 0.985821  0.985821  0.985821
760.569 0.985876  0.985876  0.985876
761.594 0.985931  0.985931  0.985931
762.619 0.985986  0.985986  0.985986
763.644 0.986041  0.986041  0.986041
764.669 0.986096  0.986096  0.986096
765.694 0.986151  0.986151  0.986151
766.719 0.986206  0.986206  0.986206
767.744 0.986261  0.986261  0.986261
768.769 0.986316  0.986316  0.986316
769.794 0.986371  0.986371  0.986371
770.819 0.986426  0.986426  0.986426
771.844 0.986481  0.986481  0.986481
772.869 0.986536  0.986536  0.986536
773.894 0.986591  0.986591  0.986591
774.919 0.986645  0.986645  0.986645
775.944 0.9867  0.9867  0.9867
776.969 0.986755  0.986755  0.986755
777.994 0.98681  0.98681  0.98681
779.019 0.986865  0.986865  0.986865
780.044 0.98692  0.98692  0.98692
781.069 0.986975  0.986975  0.986975
782.094 0.98703  0.98703  0.98703
783.119 0.987085  0.987085  0.987085
784.144 0.98714  0.98714  0.98714
785.169 0.987195  0.987195  0.987195
786.194 0.98725  0.98725  0.98725
787.219 0.987305  0.987305  0.987305
788.244 0.98736  0.98736  0.98736
789.269 0.987415  0.987415  0.987415
790.294 0.98747  0.98747  0.98747
791.319 0.987525  0.987525  0.987525
792.344 0.98758  0.98758  0.98758
793.369 0.987635  0.987635  0.987635
794.394 0.98769  0.98769  0.98769
795.419 0.987745  0.987745  0.987745
796.444 0.9878  0.9878  0.9878
797.469 0.987855  0.987855  0.987855
798.494 0.987909  0.987909  0.987909
799.52 0.987964  0.987964  0.987964
800.545 0.988019  0.988019  0.988019
801.57 0.988074  0.988074  0.988074
802.595 0.988129  0.988129  0.988129
803.62 0.988184  0.988184  0.988184
804.645 0.988239  0.988239  0.988239
805.67 0.988294  0.988294  0.988294
806.695 0.988349  0.988349  0.988349
807.72 0.988404  0.988404  0.988404
808.745 0.988459  0.988459  0.988459
809.77 0.988514  0.988514  0.988514
810.795 0.988569  0.988569  0.988569
811.82 0.988624  0.988624  0.988624
812.845 0.988679  0.988679  0.988679
813.87 0.988734  0.988734  0.988734
814.895 0.988789  0.988789  0.988789
815.92 0.988844  0.988844  0.988844
816.945 0.988899  0.988899  0.988899
817.97 0.988954  0.988954  0.988954
818.995 0.989009  0.989009  0.989009
820.02 0.989064  0.989064  0.989064
821.045 0.989119  0.989119  0.989119
822.07 0.989173  0.989173  0.989173
823.095 0.989228  0.989228  0.989228
824.12 0.989283  0.989283  0.989283
825.145 0.989338  0.989338  0.989338
826.17 0.989393  0.989393  0.989393
827.195 0.989448  0.989448  0.989448
828.22 0.989503  0.989503  0.989503
829.245 0.989558  0.989558  0.989558
830.27 0.989613  0.989613  0.989613
831.295 0.989668  0.989668  0.989668
832.32 0.989723  0.989723  0.989723
833.345 0.989778  0.989778  0.989778
834.37 0.989833  0.989833  0.989833
835.395 0.989888  0.989888  0.989888
836.42 0.989943  0.989943  0.989943
837.445 0.989998  0.989998  0.989998
838.47 0.990053  0.990053  0.990053
839.495 0.990108  0.990108  0.990108
840.521 0.990163  0.990163  0.990163
841.546 0.990218  0.990218  0.990218
842.571 0.990273  0.990273  0.990273
843.596 0.990328  0.990328  0.990328
844.621 0.990383  0.990383  0.990383
845.646 0.990437  0.990437  0.990437
846.671 0.990492  0.990492  0.990492
847.696 0.990547  0.990547  0.990547
848.721 0.990602  0.990602  0.990602
849.746 0.990657  0.990657  0.990657
850.771 0.990712  0.990712  0.990712
851.796 0.990767  0.990767  0.990767
852.821 0.990822  0.990822  0.990822
853.846 0.990877  0.990877  0.990877
854.871 0.990932  0.990932  0.990932
855.896 0.990987  0.990987  0.990987
856.921 0.991042  0.991042  0.991042
857.946 0.991097  0.991097  0.991097
858.971 0.991152  0.991152  0.991152
859.996 0.991207  0.991207  0.991207
861.021 0.991262  0.991262  0.991262
862.046 0.991317  0.991317  0.991317
863.071 0.991372  0.991372  0.991372
864.096 0.991427  0.991427  0.991427
865.121 0.991482  0.991482  0.991482
866.146 0.991537  0.991537  0.991537
867.171 0.991592  0.991592  0.991592
868.196 0.991647  0.991647  0.991647
869.221 0.991702  0.991702  0.991702
870.246 0.991756  0.991756  0.991756
871.271 0.991811  0.991811  0.991811
872.296 0.991866  0.991866  0.991866
873.321 0.991921  0.991921  0.991921
874.346 0.991976  0.991976  0.991976
875.371 0.992031  0.992031  0.992031
876.396 0.992086  0.992086  0.992086
877.421 0.992141  0.992141  0.992141
878.446 0.992196  0.992196  0.992196
879.471 0.992251  0.992251  0.992251
880.496 0.992306  0.992306  0.992306
881.522 0.992361  0.992361  0.992361
882.547 0.992416  0.992416  0.992416
883.572 0.992471  0.992471  0.992471
884.597 0.992526  0.992526  0.992526
885.622 0.992581  0.992581  0.992581
886.647 0.992636  0.992636  0.992636
887.672 0.992691  0.992691  0.992691
888.697 0.992746  0.992746  0.992746
889.722 0.992801  0.992801  0.992801
890.747 0.992856  0.992856  0.992856
891.772 0.992911  0.992911  0.992911
892.797 0.992966  0.992966  0.992966
893.822 0.99302  0.99302  0.99302
894.847 0.993075  0.993075  0.993075
895.872 0.99313  0.99313  0.99313
896.897 0.993185  0.993185  0.993185
897.922 0.99324  0.99324  0.99324
898.947 0.993295  0.993295  0.993295
899.972 0.99335  0.99335  0.99335
900.997 0.993405  0.993405  0.993405
902.022 0.99346  0.99346  0.99346
903.047 0.993515  0.993515  0.993515
904.072 0.99357  0.99357  0.99357
905.097 0.993625  0.993625  0.993625
906.122 0.99368  0.99368  0.99368
907.147 0.993735  0.993735  0.993735
908.172 0.99379  0.99379  0.99379
909.197 0.993845  0.993845  0.993845
910.222 0.9939  0.9939  0.9939
911.247 0.993955  0.993955  0.993955
912.272 0.99401  0.99401  0.99401
913.297 0.994065  0.994065  0.994065
914.322 0.99412  0.99412  0.99412
915.347 0.994175  0.994175  0.994175
916.372 0.99423  0.99423  0.99423
917.397 0.994284  0.994284  0.994284
918.422 0.994339  0.994339  0.994339
919.447 0.994394  0.994394  0.994394
920.472 0.994449  0.994449  0.994449
921.497 0.994504  0.994504  0.994504
922.523 0.994559  0.994559  0.994559
923.548 0.994614  0.994614  0.994614
924.573 0.994669  0.994669  0.994669
925.598 0.994724  0.994724  0.994724
926.623 0.994779  0.994779  0.994779
927.648 0.994834  0.994834  0.994834
928.673 0.994889  0.994889  0.994889
929.698 0.994944  0.994944  0.994944
930.723 0.994999  0.994999  0.994999
931.748 0.995054  0.995054  0.995054
932.773 0.995109  0.995109  0.995109
933.798 0.995164  0.995164  0.995164
934.823 0.995219  0.995219  0.995219
935.848 0.995274  0.995274  0.995274
936.873 0.995329  0.995329  0.995329
937.898 0.995384  0.995384  0.995384
938.923 0.995439  0.995439  0.995439
939.948 0.995494  0.995494  0.995494
940.973 0.995548  0.995548  0.995548
941.998 0.995603  0.995603  0.995603
943.023 0.995658  0.995658  0.995658
944.048 0.995713  0.995713  0.995713
945.073 0.995768  0.995768  0.995768
946.098 0.995823  0.995823  0.995823
947.123 0.995878  0.995878  0.995878
948.148 0.995933  0.995933  0.995933
949.173 0.995988  0.995988  0.995988
950.198 0.996043  0.996043  0.996043
951.223 0.996098  0.996098  0.996098
952.248 0.996153  0.996153  0.996153
953.273 0.996208  0.996208  0.996208
954.298 0.996263  0.996263  0.996263
955.323 0.996318  0.996318  0.996318
956.348 0.996373  0.996373  0.996373
957.373 0.996428  0.996428  0.996428
958.398 0.996483  0.996483  0.996483
959.423 0.996538  0.996538  0.996538
960.448 0.996593  0.996593  0.996593
961.473 0.996648  0.996648  0.996648
962.498 0.996703  0.996703  0.996703
963.524 0.996758  0.996758  0.996758
964.549 0.996812  0.996812  0.996812
965.574 0.996867  0.996867  0.996867
966.599 0.996922  0.996922  0.996922
967.624 0.996977  0.996977  0.996977
968.649 0.997032  0.997032  0.997032
969.674 0.997087  0.997087  0.997087
970.699 0.997142  0.997142  0.997142
971.724 0.997197  0.997197  0.997197
972.749 0.997252  0.997252  0.997252
973.774 0.997307  0.997307  0.997307
974.799 0.997362  0.997362  0.997362
975.824 0.997417  0.997417  0.997417
976.849 0.997472  0.997472  0.997472
977.874 0.997527  0.997527  0.997527
978.899 0.997582  0.997582  0.997582
979.924 0.997637  0.997637  0.997637
980.949 0.997692  0.997692  0.997692
981.974 0.997747  0.997747  0.997747
982.999 0.997802  0.997802  0.997802
984.024 0.997857  0.997857  0.997857
985.049 0.997912  0.997912  0.997912
986.074 0.997967  0.997967  0.997967
987.099 0.998022  0.998022  0.998022
988.124 0.998077  0.998077  0.998077
989.149 0.998131  0.998131  0.998131
990.174 0.998186  0.998186  0.998186
991.199 0.998241  0.998241  0.998241
992.224 0.998296  0.998296  0.998296
993.249 0.998351  0.998351  0.998351
994.274 0.998406  0.998406  0.998406
995.299 0.998461  0.998461  0.998461
996.324 0.998516  0.998516  0.998516
997.349 0.998571  0.998571  0.998571
998.374 0.998626  0.998626  0.998626
999.399 0.998681  0.998681  0.998681
1000.42 0.998736  0.998736  0.998736
1001.45 0.998791  0.998791  0.998791
1002.47 0.998846  0.998846  0.998846
1003.5 0.998901  0.998901  0.998901
1004.52 0.998956  0.998956  0.998956
1005.55 0.999011  0.999011  0.999011
1006.57 0.999066  0.999066  0.999066
1007.6 0.999121  0.999121  0.999121
1008.62 0.999176  0.999176  0.999176
1009.65 0.999231  0.999231  0.999231
1010.67 0.999286  0.999286  0.999286
1011.7 0.999341  0.999341  0.999341
1012.72 0.999395  0.999395  0.999395
1013.75 0.99945  0.99945  0.99945
1014.77 0.999505  0.999505  0.999505
1015.8 0.99956  0.99956  0.99956
1016.82 0.999615  0.999615  0.999615
1017.85 0.99967  0.99967  0.99967
1018.87 0.999725  0.999725  0.999725
1019.9 0.99978  0.99978  0.99978
1020.92 0.999835  0.999835  0.999835
1021.95 0.99989  0.99989  0.99989
1022.97 0.999945  0.999945  0.999945
1024 1  1  1
