0 0.0980392  0.294118  0.588235
0.0158666 0.150677  0.442523  0.877917
0.0317333 0.203041  0.590093  1.16593
0.0475999 0.254858  0.735994  1.45063
0.0634665 0.305852  0.87939  1.73033
0.0793331 0.355751  1.01945  2.00338
0.0951998 0.404281  1.15533  2.26812
0.111066 0.451167  1.28621  2.52287
0.126933 0.496136  1.41124  2.76599
0.1428 0.538914  1.52959  2.9958
0.158666 0.579226  1.64043  3.21065
0.174533 0.6168  1.74292  3.40886
0.1904 0.65136  1.83623  3.58878
0.206266 0.682634  1.91952  3.74874
0.222133 0.710348  1.99196  3.88709
0.237999 0.734226  2.05271  4.00215
0.253866 0.753996  2.10094  4.09227
0.269733 0.769384  2.13581  4.15577
0.285599 0.780115  2.15649  4.19101
0.301466 0.785916  2.16215  4.19631
0.317333 0.786513  2.15194  4.17002
0.333199 0.781633  2.12504  4.11046
0.349066 0.771  2.08061  4.01598
0.364932 0.754341  2.01781  3.88491
0.380799 0.731383  1.93581  3.71559
0.396666 0.701851  1.83378  3.50636
0.412532 0.665472  1.71088  3.25555
0.428399 0.621971  1.56627  2.96151
0.444266 0.571075  1.39912  2.62256
0.460132 0.512509  1.2086  2.23704
0.475999 0.446001  0.993872  1.8033
0.491866 0.371276  0.754097  1.31967
0.507732 0.288059  0.488445  0.784483
0.523599 0.196078  0.196078  0.196078
0.539465 0.0953326  -0.123001  -0.445538
0.555332 -0.0130824  -0.465455  -1.13369
0.571199 -0.127797  -0.827109  -1.86002
0.587065 -0.247442  -1.20379  -2.61619
0.602932 -0.370648  -1.59132  -3.39385
0.618799 -0.496045  -1.98553  -4.18465
0.634665 -0.622263  -2.38225  -4.98024
0.650532 -0.747934  -2.77729  -5.77227
0.666398 -0.871687  -3.1665  -6.55241
0.682265 -0.992154  -3.54568  -7.31229
0.698132 -1.10796  -3.91068  -8.04357
0.713998 -1.21775  -4.2573  -8.73791
0.729865 -1.32014  -4.58139  -9.38695
0.745732 -1.41376  -4.87877  -9.98235
0.761598 -1.49725  -5.14525  -10.5158
0.777465 -1.56924  -5.37668  -10.9788
0.793331 -1.62835  -5.56887  -11.3632
0.809198 -1.67322  -5.71765  -11.6606
0.825065 -1.70248  -5.81885  -11.8625
0.840931 -1.71476  -5.86829  -11.9608
0.856798 -1.70868  -5.8618  -11.9469
0.872665 -1.68289  -5.79521  -11.8126
0.888531 -1.636  -5.66433  -11.5496
0.904398 -1.56665  -5.465  -11.1494
0.920265 -1.47348  -5.19305  -10.6038
0.936131 -1.3551  -4.84429  -9.90433
0.951998 -1.21016  -4.41456  -9.04271
0.967864 -1.03728  -3.89968  -8.01057
0.983731 -0.835094  -3.29548  -6.79957
0.999598 -0.60223  -2.59778  -5.40136
1.01546 -0.33732  -1.80241  -3.8076
1.03133 -0.0389938  -0.905195  -2.00993
1.0472 0.294118  0.0980392  2.96519e-14
1.06306 0.662973  1.21021  2.22802
1.07893 1.06689  2.42924  4.66996
1.0948 1.50477  3.75179  7.31913
1.11066 1.97551  5.1745  10.1688
1.12653 2.47803  6.69406  13.2124
1.1424 3.01123  8.30711  16.4432
1.15826 3.574  10.0103  19.8544
1.17413 4.16526  11.8003  23.4395
1.19 4.78392  13.6739  27.1917
1.20586 5.42886  15.6275  31.1043
1.22173 6.09901  17.658  35.1707
1.2376 6.79326  19.7619  39.3841
1.25346 7.51051  21.9359  43.7379
1.26933 8.24968  24.1767  48.2254
1.2852 9.00966  26.481  52.84
1.30106 9.78937  28.8453  57.5748
1.31693 10.5877  31.2665  62.4233
1.3328 11.4036  33.741  67.3788
1.34866 12.2359  36.2657  72.4345
1.36453 13.0835  38.8371  77.5839
1.3804 13.9454  41.4519  82.8201
1.39626 14.8204  44.1068  88.1365
1.41213 15.7075  46.7984  93.5265
1.428 16.6055  49.5234  98.9833
1.44386 17.5134  52.2784  104.5
1.45973 18.43  55.0602  110.071
1.4756 19.3544  57.8653  115.688
1.49146 20.2853  60.6905  121.345
1.50733 21.2216  63.5323  127.036
1.5232 22.1624  66.3876  132.754
1.53906 23.1064  69.2528  138.491
1.55493 24.0527  72.1247  144.242
1.5708 25  75  150
