0 0.0745098  0.0901961  0.0941176
0.0158666 0.0813391  0.0944773  0.0986325
0.0317333 0.0881213  0.0987047  0.103078
0.0475999 0.0948093  0.102824  0.107385
0.0634665 0.101356  0.106783  0.111485
0.0793331 0.107715  0.110526  0.115307
0.0951998 0.113838  0.113999  0.118783
0.111066 0.119679  0.11715  0.121844
0.126933 0.125191  0.119924  0.12442
0.1428 0.130326  0.122267  0.126443
0.158666 0.135038  0.124126  0.127842
0.174533 0.139279  0.125446  0.128549
0.1904 0.143003  0.126174  0.128494
0.206266 0.146161  0.126256  0.127608
0.222133 0.148708  0.125639  0.125823
0.237999 0.150614  0.124286  0.123091
0.253866 0.151956  0.122273  0.119505
0.269733 0.152853  0.119722  0.115212
0.285599 0.153425  0.11675  0.110359
0.301466 0.153789  0.113478  0.105092
0.317333 0.154065  0.110024  0.0995572
0.333199 0.154371  0.106509  0.093902
0.349066 0.154827  0.103052  0.0882725
0.364932 0.155551  0.0997714  0.0828153
0.380799 0.156662  0.0967878  0.0776769
0.396666 0.158279  0.0942204  0.073004
0.412532 0.16052  0.0921885  0.0689431
0.428399 0.163506  0.0908116  0.0656406
0.444266 0.167353  0.0902092  0.0632433
0.460132 0.17217  0.0904895  0.0618826
0.475999 0.177952  0.0916497  0.0615422
0.491866 0.184627  0.0936243  0.0621219
0.507732 0.192126  0.096347  0.0635208
0.523599 0.200378  0.0997513  0.0656377
0.539465 0.209312  0.103771  0.0683715
0.555332 0.218857  0.10834  0.071621
0.571199 0.228943  0.113391  0.0752853
0.587065 0.2395  0.118859  0.0792631
0.602932 0.250456  0.124677  0.0834535
0.618799 0.261741  0.130779  0.0877552
0.634665 0.273285  0.137098  0.0920672
0.650532 0.285016  0.143568  0.0962884
0.666398 0.296865  0.150122  0.100318
0.682265 0.30876  0.156697  0.104058
0.698132 0.320647  0.163245  0.107478
0.713998 0.332481  0.169738  0.1106
0.729865 0.344217  0.176147  0.113451
0.745732 0.355811  0.182443  0.116054
0.761598 0.367219  0.188598  0.118435
0.777465 0.378397  0.194582  0.120619
0.793331 0.3893  0.200366  0.12263
0.809198 0.399885  0.205923  0.124494
0.825065 0.410107  0.211222  0.126236
0.840931 0.419922  0.216236  0.12788
0.856798 0.429285  0.220935  0.129451
0.872665 0.438153  0.225291  0.130975
0.888531 0.446481  0.229274  0.132476
0.904398 0.454227  0.232859  0.13398
0.920265 0.461418  0.236084  0.135515
0.936131 0.468163  0.239067  0.137116
0.951998 0.474576  0.241933  0.138818
0.967864 0.480773  0.244804  0.140655
0.983731 0.486867  0.247804  0.142661
0.999598 0.492973  0.251056  0.144872
1.01546 0.499206  0.254683  0.147321
1.03133 0.50568  0.258809  0.150044
1.0472 0.512509  0.263557  0.153074
1.06306 0.519808  0.269051  0.156447
1.07893 0.527691  0.275413  0.160197
1.0948 0.536274  0.282768  0.164358
1.11066 0.545669  0.291238  0.168966
1.12653 0.55599  0.300945  0.174053
1.1424 0.56722  0.311862  0.179599
1.15826 0.579109  0.323702  0.185483
1.17413 0.591386  0.336149  0.191575
1.19 0.603777  0.348888  0.197746
1.20586 0.616012  0.361605  0.203865
1.22173 0.627817  0.373985  0.209803
1.2376 0.63892  0.385712  0.21543
1.25346 0.64905  0.396473  0.220616
1.26933 0.657934  0.405953  0.22523
1.2852 0.665299  0.413836  0.229143
1.30106 0.670875  0.419807  0.232225
1.31693 0.674387  0.423553  0.234347
1.3328 0.675565  0.424758  0.235377
1.34866 0.674136  0.423107  0.235187
1.36453 0.669945  0.418419  0.233702
1.3804 0.663143  0.410857  0.230993
1.39626 0.653931  0.400644  0.227153
1.41213 0.64251  0.387999  0.222277
1.428 0.629081  0.373145  0.216459
1.44386 0.613844  0.356301  0.209793
1.45973 0.597001  0.33769  0.202374
1.4756 0.578752  0.317532  0.194296
1.49146 0.559297  0.296047  0.185653
1.50733 0.538839  0.273458  0.176538
1.5232 0.517577  0.249985  0.167047
1.53906 0.495713  0.225848  0.157273
1.55493 0.473447  0.20127  0.147311
1.5708 0.45098  0.176471  0.137255
